0,3
0,4
0,5
0,6
0,7
0,8
0,9
0,10
0,11
0,12
0,13
0,14
0,15
0,16
0,17
0,18
0,19
0,20
0,21
0,22
0,23
0,24
0,25
0,26
0,27
0,28
0,29
0,30
0,31
0,32
0,33
0,34
0,35
0,36
0,37
0,38
0,39
0,40
0,41
0,42
0,43
0,44
0,45
1,46
1,47
1,48
1,49
1,50
1,51
1,52
1,53
1,54
1,55
1,56
1,57
2,58
2,59
2,60
2,61
2,62
2,63
2,64
2,65
3,66
3,67
3,68
3,69
3,70
3,71
3,72
4,73
4,74
4,75
4,76
4,77
4,78
5,79
5,80
5,81
5,82
5,83
6,84
6,85
6,86
6,87
7,88
7,89
7,90
7,91
7,92
8,93
8,94
8,95
8,96
9,97
9,98
9,99
10,100
10,101
10,102
11,103
11,104
11,105
11,106
13,107
12,108
13,109
13,110
13,111
13,112
14,113
14,114
15,115
15,116
15,117
16,118
17,119
17,120
17,121
18,122
18,123
19,124
19,125
20,126
20,127
20,128
21,129
21,130
22,131
22,132
23,133
23,134
24,135
24,136
25,137
26,138
26,139
27,140
27,141
28,142
28,143
29,144
30,145
30,146
31,147
31,148
32,149
33,150
33,151
34,152
35,153
35,154
36,155
37,156
37,157
38,158
39,159
40,160
41,161
41,162
42,163
43,164
43,165
44,166
45,167
46,168
47,169
48,170
49,171
51,172
51,173
51,174
52,175
53,176
53,177
55,178
55,179
56,180
57,181
58,182
59,183
61,184
61,185
62,186
64,187
64,188
65,189
66,190
67,191
69,192
70,193
71,194
71,195
73,196
74,197
75,198
76,199
78,200
80,201
80,202
81,203
83,204
83,205
84,206
86,207
88,208
88,209
90,210
91,211
93,212
93,213
95,214
96,215
97,216
98,217
100,218
102,219
103,220
104,221
107,222
108,223
112,224
111,225
111,226
113,227
115,228
117,229
117,230
120,231
121,232
122,233
124,234
125,235
127,236
128,237
131,238
132,239
135,240
135,241
137,242
138,243
140,244
142,245
143,246
145,247
147,248
149,249
150,250
153,251
154,252
156,253
158,254
159,255
162,256
164,257
166,258
168,259
170,260
171,261
172,262
175,263
177,264
179,265
182,266
184,267
187,268
188,269
190,270
192,271
193,272
196,273
198,274
200,275
202,276
204,277
207,278
209,279
212,280
213,281
216,282
219,283
221,284
223,285
225,286
228,287
230,288
234,289
234,290
238,291
238,292
242,293
243,294
247,295
249,296
251,297
255,298
274,299
259,300
263,301
281,302
267,303
271,304
272,305
276,306
278,307
281,308
284,309
287,310
289,311
292,312
294,313
297,314
299,315
302,316
304,317
309,318
311,319
315,320
317,321
320,322
323,323
327,324
329,325
332,326
335,327
339,328
342,329
345,330
347,331
352,332
355,333
357,334
361,335
363,336
367,337
370,338
374,339
378,340
380,341
384,342
388,343
390,344
394,345
397,346
400,347
404,348
407,349
410,350
413,351
419,352
421,353
425,354
428,355
432,356
436,357
439,358
443,359
447,360
451,361
451,362
459,363
461,364
465,365
469,366
473,367
477,368
480,369
482,370
487,371
492,372
499,373
500,374
505,375
507,376
514,377
516,378
521,379
524,380
530,381
532,382
536,383
541,384
544,385
548,386
553,387
559,388
562,389
567,390
573,391
575,392
581,393
585,394
587,395
592,396
598,397
602,398
607,399
611,400
615,401
620,402
626,403
630,404
634,405
654,406
642,407
648,408
653,409
659,410
662,411
668,412
670,413
678,414
682,415
687,416
694,417
694,418
701,419
709,420
711,421
714,422
722,423
725,424
735,425
735,426
741,427
747,428
754,429
760,430
762,431
770,432
791,433
782,434
785,435
788,436
798,437
800,438
805,439
813,440
818,441
821,442
828,443
835,444
840,445
846,446
853,447
857,448
863,449
868,450
871,451
881,452
886,453
890,454
909,455
904,456
925,457
915,458
920,459
927,460
934,461
940,462
945,463
952,464
958,465
966,466
969,467
977,468
981,469
991,470
1013,471
1000,472
1009,473
1012,474
1021,475
1028,476
1034,477
1038,478
1046,479
1052,480
1074,481
1064,482
1074,483
1098,484
1083,485
1092,486
1098,487
1105,488
1115,489
1122,490
1125,491
1133,492
1140,493
1150,494
1156,495
1175,496
1168,497
1185,498
1182,499
1197,500
1207,501
1204,502
1211,503
1216,504
1234,505
1230,506
1240,507
1247,508
1257,509
1268,510
1284,511
1293,512
1297,513
1300,514
1317,515
1309,516
1323,517
1336,518
1327,519
1360,520
1349,521
1363,522
1374,523
1369,524
1382,525
1390,526
1392,527
1410,528
1410,529
1421,530
1430,531
1439,532
1440,533
1451,534
1454,535
1467,536
1472,537
1491,538
1495,539
1503,540
1510,541
1516,542
1516,543
1542,544
1547,545
1551,546
1554,547
1574,548
1582,549
1581,550
1589,551
1596,552
1609,553
1619,554
1626,555
1654,556
1648,557
1668,558
1692,559
1671,560
1692,561
1692,562
1695,563
1707,564
1720,565
1719,566
1733,567
1747,568
1754,569
1759,570
1771,571
1784,572
1798,573
1812,574
1839,575
1849,576
1851,577
1842,578
1853,579
1861,580
1871,581
1870,582
1887,583
1897,584
1912,585
1917,586
1930,587
1940,588
1954,589
1955,590
1964,591
1984,592
1983,593
2004,594
2013,595
2028,596
2040,597
2035,598
2045,599
2058,600
2068,601
2080,602
2084,603
2098,604
2116,605
2118,606
2133,607
2141,608
2159,609
2167,610
2165,611
2192,612
2210,613
2213,614
2218,615
2238,616
2245,617
2256,618
2264,619
2271,620
2300,621
2303,622
2313,623
2326,624
2336,625
2357,626
2358,627
2367,628
2375,629
2389,630
2409,631
2414,632
2425,633
2430,634
2446,635
2453,636
2471,637
2482,638
2498,639
2513,640
2532,641
2528,642
2538,643
2552,644
2575,645
2573,646
2584,647
2645,648
2648,649
2625,650
2638,651
2669,652
2682,653
2675,654
2689,655
2710,656
2708,657
2729,658
2745,659
2757,660
2780,661
2790,662
2801,663
2793,664
2833,665
2856,666
2837,667
2853,668
2874,669
2895,670
2890,671
2908,672
2910,673
2922,674
2945,675
2962,676
2975,677
2978,678
3007,679
3008,680
3043,681
3115,682
3130,683
3107,684
3114,685
3174,686
3124,687
3154,688
3172,689
3160,690
3211,691
3178,692
3224,693
3228,694
3228,695
3259,696
3274,697
3276,698
3284,699
3286,700
3328,701
3336,702
3349,703
3356,704
3397,705
3357,706
3383,707
3415,708
3416,709
3442,710
3423,711
3435,712
3453,713
3479,714
3502,715
3509,716
3528,717
3540,718
3555,719
3578,720
3589,721
3594,722
3616,723
3629,724
3657,725
3647,726
3672,727
3686,728
3712,729
3721,730
3754,731
3753,732
3786,733
3793,734
3795,735
3826,736
3838,737
3841,738
3878,739
3885,740
3900,741
3929,742
3949,743
3937,744
3986,745
3987,746
4017,747
4003,748
4022,749
4058,750
4064,751
4085,752
4100,753
4136,754
4144,755
4155,756
4173,757
4188,758
4199,759
4221,760
4239,761
4276,762
4297,763
4289,764
4322,765
4321,766
4320,767
4355,768
4363,769
4396,770
4412,771
4433,772
4470,773
4425,774
4478,775
4497,776
4503,777
4509,778
4572,779
4577,780
4583,781
4602,782
4607,783
4639,784
4665,785
4670,786
4680,787
4711,788
4738,789
4725,790
4743,791
4790,792
4817,793
4820,794
4840,795
4868,796
4860,797
4891,798
4893,799
4925,800
4958,801
4945,802
4972,803
4984,804
5034,805
5058,806
5079,807
5089,808
5082,809
5117,810
5142,811
5132,812
5178,813
5175,814
5201,815
5248,816
5229,817
5291,818
5324,819
5305,820
5341,821
5347,822
5357,823
5400,824
5408,825
5432,826
5458,827
5492,828
5453,829
5524,830
5523,831
5548,832
5569,833
5593,834
5625,835
5671,836
5684,837
5659,838
5686,839
5743,840
5757,841
5748,842
5788,843
5847,844
5786,845
5793,846
5856,847
5885,848
5996,849
5943,850
5919,851
5924,852
5966,853
5987,854
6006,855
6028,856
6067,857
6080,858
6108,859
6098,860
6148,861
6155,862
6181,863
6210,864
6254,865
6287,866
6301,867
6317,868
6339,869
6343,870
6369,871
6412,872
6444,873
6517,874
6510,875
6521,876
6498,877
6521,878
6589,879
6577,880
6574,881
6611,882
6635,883
6690,884
6706,885
6739,886
6715,887
6740,888
6750,889
6800,890
6842,891
6829,892
6940,893
6879,894
6922,895
6945,896
6947,897
6972,898
6995,899
7054,900
7067,901
7079,902
7076,903
7102,904
7144,905
7192,906
7225,907
7252,908
7328,909
7319,910
7322,911
7320,912
7345,913
7369,914
7382,915
7425,916
7466,917
7493,918
7486,919
7487,920
7511,921
7560,922
7624,923
7624,924
7659,925
7650,926
7692,927
7797,928
7734,929
7748,930
7788,931
7823,932
7832,933
7915,934
7914,935
7918,936
8015,937
8154,938
8209,939
8131,940
8157,941
8113,942
8138,943
8296,944
8356,945
8271,946
8232,947
8282,948
8294,949
8333,950
8477,951
8429,952
8362,953
8396,954
8414,955
8502,956
8496,957
8562,958
8572,959
8575,960
8625,961
8643,962
8681,963
8697,964
8758,965
8998,966
8781,967
8807,968
8850,969
8844,970
8900,971
9057,972
8982,973
8974,974
9046,975
9085,976
9138,977
9107,978
9109,979
9169,980
9198,981
9194,982
9206,983
9219,984
9250,985
9265,986
9308,987
9387,988
9360,989
9387,990
9445,991
9473,992
9505,993
9491,994
9508,995
9544,996
9591,997
9603,998
9634,999
9669,1000
